Lesson 6: Dimensionless heat transfer - problem 3 
100.0000, 0.0000, 86.9425, 99.0737, 99.9555, 99.9984, 99.9999, 99.9984, 99.9555, 99.0737, 86.9425, 0.0000
200.0000, 0.0000, 77.0695, 96.8990, 99.7076, 99.9789, 99.9976, 99.9789, 99.7076, 96.8990, 77.0695, 0.0000
300.0000, 0.0000, 69.4366, 94.1151, 99.1894, 99.9133, 99.9851, 99.9133, 99.1894, 94.1151, 69.4366, 0.0000
400.0000, 0.0000, 63.4088, 91.0913, 98.4114, 99.7763, 99.9497, 99.7763, 98.4114, 91.0913, 63.4088, 0.0000
500.0000, 0.0000, 58.5526, 88.0367, 97.4151, 99.5514, 99.8761, 99.5514, 97.4151, 88.0367, 58.5526, 0.0000
600.0000, 0.0000, 54.5675, 85.0652, 96.2496, 99.2305, 99.7503, 99.2305, 96.2496, 85.0652, 54.5675, 0.0000
700.0000, 0.0000, 51.2420, 82.2346, 94.9615, 98.8121, 99.5605, 98.8121, 94.9615, 82.2346, 51.2420, 0.0000
800.0000, 0.0000, 48.4247, 79.5701, 93.5905, 98.2994, 99.2983, 98.2994, 93.5905, 79.5701, 48.4247, 0.0000
900.0000, 0.0000, 46.0056, 77.0782, 92.1686, 97.6987, 98.9588, 97.6987, 92.1686, 77.0782, 46.0056, 0.0000
1000.0000, 0.0000, 43.9034, 74.7553, 90.7202, 97.0177, 98.5403, 97.0177, 90.7202, 74.7553, 43.9034, 0.0000
1100.0000, 0.0000, 42.0569, 72.5920, 89.2639, 96.2650, 98.0436, 96.2650, 89.2639, 72.5920, 42.0569, 0.0000
1200.0000, 0.0000, 40.4197, 70.5768, 87.8129, 95.4492, 97.4716, 95.4492, 87.8129, 70.5768, 40.4197, 0.0000
1300.0000, 0.0000, 38.9556, 68.6972, 86.3767, 94.5785, 96.8285, 94.5785, 86.3767, 68.6972, 38.9556, 0.0000
1400.0000, 0.0000, 37.6364, 66.9408, 84.9616, 93.6606, 96.1196, 93.6606, 84.9616, 66.9408, 37.6364, 0.0000
1500.0000, 0.0000, 36.4397, 65.2959, 83.5716, 92.7028, 95.3508, 92.7028, 83.5716, 65.2959, 36.4397, 0.0000
1600.0000, 0.0000, 35.3473, 63.7516, 82.2094, 91.7115, 94.5281, 91.7115, 82.2094, 63.7516, 35.3473, 0.0000
1700.0000, 0.0000, 34.3445, 62.2979, 80.8760, 90.6926, 93.6577, 90.6926, 80.8760, 62.2979, 34.3445, 0.0000
1800.0000, 0.0000, 33.4191, 60.9259, 79.5719, 89.6511, 92.7454, 89.6511, 79.5719, 60.9259, 33.4191, 0.0000
1900.0000, 0.0000, 32.5611, 59.6275, 78.2969, 88.5917, 91.7970, 88.5917, 78.2969, 59.6275, 32.5611, 0.0000
2000.0000, 0.0000, 31.7620, 58.3955, 77.0506, 87.5185, 90.8178, 87.5185, 77.0506, 58.3955, 31.7620, 0.0000
2100.0000, 0.0000, 31.0147, 57.2234, 75.8320, 86.4351, 89.8127, 86.4351, 75.8320, 57.2234, 31.0147, 0.0000
2200.0000, 0.0000, 30.3131, 56.1055, 74.6403, 85.3447, 88.7862, 85.3447, 74.6403, 56.1055, 30.3131, 0.0000
2300.0000, 0.0000, 29.6520, 55.0367, 73.4744, 84.2499, 87.7424, 84.2499, 73.4744, 55.0367, 29.6520, 0.0000
2400.0000, 0.0000, 29.0269, 54.0125, 72.3333, 83.1532, 86.6850, 83.1532, 72.3333, 54.0125, 29.0269, 0.0000
2500.0000, 0.0000, 28.4340, 53.0289, 71.2160, 82.0568, 85.6174, 82.0568, 71.2160, 53.0289, 28.4340, 0.0000
2600.0000, 0.0000, 27.8700, 52.0823, 70.1215, 80.9624, 84.5425, 80.9624, 70.1215, 52.0823, 27.8700, 0.0000
2700.0000, 0.0000, 27.3319, 51.1695, 69.0488, 79.8717, 83.4630, 79.8717, 69.0488, 51.1695, 27.3319, 0.0000
2800.0000, 0.0000, 26.8172, 50.2876, 67.9970, 78.7861, 82.3813, 78.7861, 67.9970, 50.2876, 26.8172, 0.0000
2900.0000, 0.0000, 26.3236, 49.4343, 66.9653, 77.7066, 81.2993, 77.7066, 66.9653, 49.4343, 26.3236, 0.0000
3000.0000, 0.0000, 25.8493, 48.6072, 65.9528, 76.6345, 80.2190, 76.6345, 65.9528, 48.6072, 25.8493, 0.0000
3100.0000, 0.0000, 25.3924, 47.8043, 64.9590, 75.5706, 79.1419, 75.5706, 64.9590, 47.8043, 25.3924, 0.0000
3200.0000, 0.0000, 24.9515, 47.0239, 63.9830, 74.5155, 78.0694, 74.5155, 63.9830, 47.0239, 24.9515, 0.0000
3300.0000, 0.0000, 24.5252, 46.2644, 63.0242, 73.4701, 77.0027, 73.4701, 63.0242, 46.2644, 24.5252, 0.0000
3400.0000, 0.0000, 24.1124, 45.5244, 62.0821, 72.4347, 75.9430, 72.4347, 62.0821, 45.5244, 24.1124, 0.0000
3500.0000, 0.0000, 23.7120, 44.8027, 61.1561, 71.4099, 74.8910, 71.4099, 61.1561, 44.8027, 23.7120, 0.0000
3600.0000, 0.0000, 23.3230, 44.0980, 60.2458, 70.3961, 73.8475, 70.3961, 60.2458, 44.0980, 23.3230, 0.0000
3700.0000, 0.0000, 22.9446, 43.4094, 59.3506, 69.3935, 72.8133, 69.3935, 59.3506, 43.4094, 22.9446, 0.0000
3800.0000, 0.0000, 22.5762, 42.7359, 58.4701, 68.4024, 71.7889, 68.4024, 58.4701, 42.7359, 22.5762, 0.0000
3900.0000, 0.0000, 22.2170, 42.0769, 57.6039, 67.4231, 70.7747, 67.4231, 57.6039, 42.0769, 22.2170, 0.0000
4000.0000, 0.0000, 21.8664, 41.4314, 56.7517, 66.4556, 69.7712, 66.4556, 56.7517, 41.4314, 21.8664, 0.0000
4100.0000, 0.0000, 21.5240, 40.7989, 55.9131, 65.5001, 68.7787, 65.5001, 55.9131, 40.7989, 21.5240, 0.0000
4200.0000, 0.0000, 21.1892, 40.1787, 55.0878, 64.5567, 67.7974, 64.5567, 55.0878, 40.1787, 21.1892, 0.0000
4300.0000, 0.0000, 20.8617, 39.5704, 54.2754, 63.6253, 66.8277, 63.6253, 54.2754, 39.5704, 20.8617, 0.0000
4400.0000, 0.0000, 20.5410, 38.9733, 53.4756, 62.7061, 65.8695, 62.7061, 53.4756, 38.9733, 20.5410, 0.0000
4500.0000, 0.0000, 20.2268, 38.3872, 52.6883, 61.7990, 64.9232, 61.7990, 52.6883, 38.3872, 20.2268, 0.0000
4600.0000, 0.0000, 19.9188, 37.8115, 51.9131, 60.9040, 63.9887, 60.9040, 51.9131, 37.8115, 19.9188, 0.0000
4700.0000, 0.0000, 19.6168, 37.2458, 51.1498, 60.0211, 63.0661, 60.0211, 51.1498, 37.2458, 19.6168, 0.0000
4800.0000, 0.0000, 19.3204, 36.6900, 50.3981, 59.1501, 62.1554, 59.1501, 50.3981, 36.6900, 19.3204, 0.0000
4900.0000, 0.0000, 19.0294, 36.1435, 49.6578, 58.2911, 61.2567, 58.2911, 49.6578, 36.1435, 19.0294, 0.0000
5000.0000, 0.0000, 18.7437, 35.6062, 48.9287, 57.4440, 60.3700, 57.4440, 48.9287, 35.6062, 18.7437, 0.0000
5100.0000, 0.0000, 18.4631, 35.0778, 48.2106, 56.6086, 59.4951, 56.6086, 48.2106, 35.0778, 18.4631, 0.0000
5200.0000, 0.0000, 18.1873, 34.5580, 47.5033, 55.7849, 58.6321, 55.7849, 47.5033, 34.5580, 18.1873, 0.0000
5300.0000, 0.0000, 17.9162, 34.0466, 46.8066, 54.9727, 57.7809, 54.9727, 46.8066, 34.0466, 17.9162, 0.0000
5400.0000, 0.0000, 17.6497, 33.5434, 46.1204, 54.1720, 56.9414, 54.1720, 46.1204, 33.5434, 17.6497, 0.0000
5500.0000, 0.0000, 17.3875, 33.0481, 45.4443, 53.3826, 56.1136, 53.3826, 45.4443, 33.0481, 17.3875, 0.0000
5600.0000, 0.0000, 17.1297, 32.5606, 44.7783, 52.6044, 55.2972, 52.6044, 44.7783, 32.5606, 17.1297, 0.0000
5700.0000, 0.0000, 16.8761, 32.0808, 44.1223, 51.8373, 54.4923, 51.8373, 44.1223, 32.0808, 16.8761, 0.0000
5800.0000, 0.0000, 16.6266, 31.6084, 43.4759, 51.0812, 53.6987, 51.0812, 43.4759, 31.6084, 16.6266, 0.0000
5900.0000, 0.0000, 16.3810, 31.1433, 42.8392, 50.3359, 52.9164, 50.3359, 42.8392, 31.1433, 16.3810, 0.0000
6000.0000, 0.0000, 16.1393, 30.6853, 42.2118, 49.6012, 52.1451, 49.6012, 42.2118, 30.6853, 16.1393, 0.0000
6100.0000, 0.0000, 15.9013, 30.2343, 41.5937, 48.8772, 51.3848, 48.8772, 41.5937, 30.2343, 15.9013, 0.0000
6200.0000, 0.0000, 15.6671, 29.7901, 40.9848, 48.1635, 50.6353, 48.1635, 40.9848, 29.7901, 15.6671, 0.0000
6300.0000, 0.0000, 15.4365, 29.3527, 40.3848, 47.4602, 49.8966, 47.4602, 40.3848, 29.3527, 15.4365, 0.0000
6400.0000, 0.0000, 15.2094, 28.9219, 39.7937, 46.7670, 49.1685, 46.7670, 39.7937, 28.9219, 15.2094, 0.0000
6500.0000, 0.0000, 14.9858, 28.4975, 39.2112, 46.0839, 48.4508, 46.0839, 39.2112, 28.4975, 14.9858, 0.0000
6600.0000, 0.0000, 14.7657, 28.0796, 38.6374, 45.4106, 47.7434, 45.4106, 38.6374, 28.0796, 14.7657, 0.0000
6700.0000, 0.0000, 14.5488, 27.6678, 38.0719, 44.7472, 47.0463, 44.7472, 38.0719, 27.6678, 14.5488, 0.0000
6800.0000, 0.0000, 14.3352, 27.2623, 37.5148, 44.0933, 46.3592, 44.0933, 37.5148, 27.2623, 14.3352, 0.0000
6900.0000, 0.0000, 14.1249, 26.8627, 36.9659, 43.4489, 45.6820, 43.4489, 36.9659, 26.8627, 14.1249, 0.0000
7000.0000, 0.0000, 13.9177, 26.4691, 36.4250, 42.8139, 45.0147, 42.8139, 36.4250, 26.4691, 13.9177, 0.0000
7100.0000, 0.0000, 13.7136, 26.0814, 35.8921, 42.1882, 44.3570, 42.1882, 35.8921, 26.0814, 13.7136, 0.0000
7200.0000, 0.0000, 13.5125, 25.6994, 35.3670, 41.5715, 43.7089, 41.5715, 35.3670, 25.6994, 13.5125, 0.0000
7300.0000, 0.0000, 13.3145, 25.3230, 34.8496, 40.9638, 43.0702, 40.9638, 34.8496, 25.3230, 13.3145, 0.0000
7400.0000, 0.0000, 13.1194, 24.9522, 34.3397, 40.3650, 42.4407, 40.3650, 34.3397, 24.9522, 13.1194, 0.0000
7500.0000, 0.0000, 12.9272, 24.5869, 33.8374, 39.7749, 41.8204, 39.7749, 33.8374, 24.5869, 12.9272, 0.0000
7600.0000, 0.0000, 12.7378, 24.2269, 33.3424, 39.1934, 41.2091, 39.1934, 33.3424, 24.2269, 12.7378, 0.0000
7700.0000, 0.0000, 12.5513, 23.8723, 32.8547, 38.6203, 40.6068, 38.6203, 32.8547, 23.8723, 12.5513, 0.0000
7800.0000, 0.0000, 12.3675, 23.5229, 32.3741, 38.0557, 40.0132, 38.0557, 32.3741, 23.5229, 12.3675, 0.0000
7900.0000, 0.0000, 12.1864, 23.1786, 31.9005, 37.4992, 39.4282, 37.4992, 31.9005, 23.1786, 12.1864, 0.0000
8000.0000, 0.0000, 12.0080, 22.8394, 31.4339, 36.9509, 38.8518, 36.9509, 31.4339, 22.8394, 12.0080, 0.0000
8100.0000, 0.0000, 11.8322, 22.5052, 30.9741, 36.4106, 38.2838, 36.4106, 30.9741, 22.5052, 11.8322, 0.0000
8200.0000, 0.0000, 11.6590, 22.1759, 30.5210, 35.8782, 37.7240, 35.8782, 30.5210, 22.1759, 11.6590, 0.0000
8300.0000, 0.0000, 11.4884, 21.8514, 30.0746, 35.3536, 37.1725, 35.3536, 30.0746, 21.8514, 11.4884, 0.0000
8400.0000, 0.0000, 11.3203, 21.5317, 29.6347, 34.8366, 36.6289, 34.8366, 29.6347, 21.5317, 11.3203, 0.0000
8500.0000, 0.0000, 11.1546, 21.2167, 29.2013, 34.3272, 36.0934, 34.3272, 29.2013, 21.2167, 11.1546, 0.0000
8600.0000, 0.0000, 10.9914, 20.9063, 28.7742, 33.8252, 35.5656, 33.8252, 28.7742, 20.9063, 10.9914, 0.0000
8700.0000, 0.0000, 10.8306, 20.6005, 28.3533, 33.3306, 35.0455, 33.3306, 28.3533, 20.6005, 10.8306, 0.0000
8800.0000, 0.0000, 10.6721, 20.2991, 27.9386, 32.8431, 34.5331, 32.8431, 27.9386, 20.2991, 10.6721, 0.0000
8900.0000, 0.0000, 10.5159, 20.0022, 27.5300, 32.3628, 34.0281, 32.3628, 27.5300, 20.0022, 10.5159, 0.0000
9000.0000, 0.0000, 10.3621, 19.7096, 27.1273, 31.8896, 33.5305, 31.8896, 27.1273, 19.7096, 10.3621, 0.0000
9100.0000, 0.0000, 10.2105, 19.4213, 26.7306, 31.4232, 33.0401, 31.4232, 26.7306, 19.4213, 10.2105, 0.0000
9200.0000, 0.0000, 10.0611, 19.1372, 26.3396, 30.9637, 32.5570, 30.9637, 26.3396, 19.1372, 10.0611, 0.0000
9300.0000, 0.0000, 9.9140, 18.8572, 25.9544, 30.5108, 32.0809, 30.5108, 25.9544, 18.8572, 9.9140, 0.0000
9400.0000, 0.0000, 9.7689, 18.5814, 25.5748, 30.0646, 31.6117, 30.0646, 25.5748, 18.5814, 9.7689, 0.0000
9500.0000, 0.0000, 9.6260, 18.3096, 25.2007, 29.6250, 31.1494, 29.6250, 25.2007, 18.3096, 9.6260, 0.0000
9600.0000, 0.0000, 9.4852, 18.0418, 24.8322, 29.1917, 30.6939, 29.1917, 24.8322, 18.0418, 9.4852, 0.0000
9700.0000, 0.0000, 9.3465, 17.7779, 24.4690, 28.7648, 30.2450, 28.7648, 24.4690, 17.7779, 9.3465, 0.0000
9800.0000, 0.0000, 9.2098, 17.5179, 24.1111, 28.3441, 29.8027, 28.3441, 24.1111, 17.5179, 9.2098, 0.0000
9900.0000, 0.0000, 9.0750, 17.2617, 23.7585, 27.9296, 29.3668, 27.9296, 23.7585, 17.2617, 9.0750, 0.0000
10000.0000, 0.0000, 8.9423, 17.0092, 23.4110, 27.5211, 28.9373, 27.5211, 23.4110, 17.0092, 8.9423, 0.0000
10100.0000, 0.0000, 8.8115, 16.7604, 23.0686, 27.1186, 28.5141, 27.1186, 23.0686, 16.7604, 8.8115, 0.0000
10200.0000, 0.0000, 8.6826, 16.5153, 22.7312, 26.7220, 28.0971, 26.7220, 22.7312, 16.5153, 8.6826, 0.0000
10300.0000, 0.0000, 8.5556, 16.2737, 22.3987, 26.3312, 27.6862, 26.3312, 22.3987, 16.2737, 8.5556, 0.0000
10400.0000, 0.0000, 8.4305, 16.0357, 22.0712, 25.9461, 27.2813, 25.9461, 22.0712, 16.0357, 8.4305, 0.0000
10500.0000, 0.0000, 8.3072, 15.8012, 21.7484, 25.5666, 26.8823, 25.5666, 21.7484, 15.8012, 8.3072, 0.0000
10600.0000, 0.0000, 8.1857, 15.5701, 21.4303, 25.1927, 26.4892, 25.1927, 21.4303, 15.5701, 8.1857, 0.0000
10700.0000, 0.0000, 8.0660, 15.3423, 21.1169, 24.8243, 26.1018, 24.8243, 21.1169, 15.3423, 8.0660, 0.0000
10800.0000, 0.0000, 7.9480, 15.1179, 20.8080, 24.4612, 25.7200, 24.4612, 20.8080, 15.1179, 7.9480, 0.0000
10900.0000, 0.0000, 7.8317, 14.8968, 20.5037, 24.1035, 25.3439, 24.1035, 20.5037, 14.8968, 7.8317, 0.0000
11000.0000, 0.0000, 7.7172, 14.6790, 20.2038, 23.7510, 24.9732, 23.7510, 20.2038, 14.6790, 7.7172, 0.0000
11100.0000, 0.0000, 7.6043, 14.4643, 19.9083, 23.4036, 24.6080, 23.4036, 19.9083, 14.4643, 7.6043, 0.0000
11200.0000, 0.0000, 7.4931, 14.2527, 19.6172, 23.0613, 24.2481, 23.0613, 19.6172, 14.2527, 7.4931, 0.0000
11300.0000, 0.0000, 7.3835, 14.0443, 19.3303, 22.7241, 23.8935, 22.7241, 19.3303, 14.0443, 7.3835, 0.0000
11400.0000, 0.0000, 7.2755, 13.8389, 19.0475, 22.3917, 23.5440, 22.3917, 19.0475, 13.8389, 7.2755, 0.0000
11500.0000, 0.0000, 7.1691, 13.6365, 18.7690, 22.0642, 23.1997, 22.0642, 18.7690, 13.6365, 7.1691, 0.0000
11600.0000, 0.0000, 7.0643, 13.4370, 18.4945, 21.7415, 22.8604, 21.7415, 18.4945, 13.4370, 7.0643, 0.0000
11700.0000, 0.0000, 6.9610, 13.2405, 18.2240, 21.4236, 22.5261, 21.4236, 18.2240, 13.2405, 6.9610, 0.0000
11800.0000, 0.0000, 6.8591, 13.0469, 17.9575, 21.1102, 22.1966, 21.1102, 17.9575, 13.0469, 6.8591, 0.0000
11900.0000, 0.0000, 6.7588, 12.8561, 17.6948, 20.8015, 21.8720, 20.8015, 17.6948, 12.8561, 6.7588, 0.0000
12000.0000, 0.0000, 6.6600, 12.6680, 17.4360, 20.4973, 21.5521, 20.4973, 17.4360, 12.6680, 6.6600, 0.0000
12100.0000, 0.0000, 6.5626, 12.4828, 17.1810, 20.1975, 21.2369, 20.1975, 17.1810, 12.4828, 6.5626, 0.0000
12200.0000, 0.0000, 6.4666, 12.3002, 16.9297, 19.9021, 20.9263, 19.9021, 16.9297, 12.3002, 6.4666, 0.0000
12300.0000, 0.0000, 6.3720, 12.1203, 16.6821, 19.6110, 20.6203, 19.6110, 16.6821, 12.1203, 6.3720, 0.0000
12400.0000, 0.0000, 6.2788, 11.9430, 16.4382, 19.3242, 20.3187, 19.3242, 16.4382, 11.9430, 6.2788, 0.0000
12500.0000, 0.0000, 6.1870, 11.7684, 16.1978, 19.0416, 20.0215, 19.0416, 16.1978, 11.7684, 6.1870, 0.0000
