Lesson 6: Dimensionless heat transfer - exact 
100.000, 100, 0, 87, 99, 100, 100, 100, 100, 100, 99, 87, 0
200.000, 200, 0, 77, 97, 100, 100, 100, 100, 100, 97, 77, 0
300.000, 300, 0, 69, 94, 99, 100, 100, 100, 99, 94, 69, 0
400.000, 400, 0, 63, 91, 98, 100, 100, 100, 98, 91, 63, 0
500.000, 500, 0, 59, 88, 97, 100, 100, 100, 97, 88, 59, 0
600.000, 600, 0, 55, 85, 96, 99, 100, 99, 96, 85, 55, 0
700.000, 700, 0, 51, 82, 95, 99, 100, 99, 95, 82, 51, 0
800.000, 800, 0, 48, 80, 94, 98, 99, 98, 94, 80, 48, 0
900.000, 900, 0, 46, 77, 92, 98, 99, 98, 92, 77, 46, 0
1000.000, 1000, 0, 44, 75, 91, 97, 99, 97, 91, 75, 44, 0
1100.000, 1100, 0, 42, 73, 89, 96, 98, 96, 89, 73, 42, 0
1200.000, 1200, 0, 40, 71, 88, 95, 97, 95, 88, 71, 40, 0
1300.000, 1300, 0, 39, 69, 86, 95, 97, 95, 86, 69, 39, 0
1400.000, 1400, 0, 38, 67, 85, 94, 96, 94, 85, 67, 38, 0
1500.000, 1500, 0, 36, 65, 84, 93, 95, 93, 84, 65, 36, 0
1600.000, 1600, 0, 35, 64, 82, 92, 95, 92, 82, 64, 35, 0
1700.000, 1700, 0, 34, 62, 81, 91, 94, 91, 81, 62, 34, 0
1800.000, 1800, 0, 33, 61, 80, 90, 93, 90, 80, 61, 33, 0
1900.000, 1900, 0, 33, 60, 78, 89, 92, 89, 78, 60, 33, 0
2000.000, 2000, 0, 32, 58, 77, 88, 91, 88, 77, 58, 32, 0
2100.000, 2100, 0, 31, 57, 76, 86, 90, 86, 76, 57, 31, 0
2200.000, 2200, 0, 30, 56, 75, 85, 89, 85, 75, 56, 30, 0
2300.000, 2300, 0, 30, 55, 73, 84, 88, 84, 73, 55, 30, 0
2400.000, 2400, 0, 29, 54, 72, 83, 87, 83, 72, 54, 29, 0
2500.000, 2500, 0, 28, 53, 71, 82, 86, 82, 71, 53, 28, 0
2600.000, 2600, 0, 28, 52, 70, 81, 85, 81, 70, 52, 28, 0
2700.000, 2700, 0, 27, 51, 69, 80, 83, 80, 69, 51, 27, 0
2800.000, 2800, 0, 27, 50, 68, 79, 82, 79, 68, 50, 27, 0
2900.000, 2900, 0, 26, 49, 67, 78, 81, 78, 67, 49, 26, 0
3000.000, 3000, 0, 26, 49, 66, 77, 80, 77, 66, 49, 26, 0
3100.000, 3100, 0, 25, 48, 65, 76, 79, 76, 65, 48, 25, 0
3200.000, 3200, 0, 25, 47, 64, 75, 78, 75, 64, 47, 25, 0
3300.000, 3300, 0, 25, 46, 63, 73, 77, 73, 63, 46, 25, 0
3400.000, 3400, 0, 24, 46, 62, 72, 76, 72, 62, 46, 24, 0
3500.000, 3500, 0, 24, 45, 61, 71, 75, 71, 61, 45, 24, 0
3600.000, 3600, 0, 23, 44, 60, 70, 74, 70, 60, 44, 23, 0
3700.000, 3700, 0, 23, 43, 59, 69, 73, 69, 59, 43, 23, 0
3800.000, 3800, 0, 23, 43, 58, 68, 72, 68, 58, 43, 23, 0
3900.000, 3900, 0, 22, 42, 58, 67, 71, 67, 58, 42, 22, 0
4000.000, 4000, 0, 22, 41, 57, 66, 70, 66, 57, 41, 22, 0
4100.000, 4100, 0, 22, 41, 56, 66, 69, 66, 56, 41, 22, 0
4200.000, 4200, 0, 21, 40, 55, 65, 68, 65, 55, 40, 21, 0
4300.000, 4300, 0, 21, 40, 54, 64, 67, 64, 54, 40, 21, 0
4400.000, 4400, 0, 21, 39, 53, 63, 66, 63, 53, 39, 21, 0
4500.000, 4500, 0, 20, 38, 53, 62, 65, 62, 53, 38, 20, 0
4600.000, 4600, 0, 20, 38, 52, 61, 64, 61, 52, 38, 20, 0
4700.000, 4700, 0, 20, 37, 51, 60, 63, 60, 51, 37, 20, 0
4800.000, 4800, 0, 19, 37, 50, 59, 62, 59, 50, 37, 19, 0
4900.000, 4900, 0, 19, 36, 50, 58, 61, 58, 50, 36, 19, 0
5000.000, 5000, 0, 19, 36, 49, 57, 60, 57, 49, 36, 19, 0
5100.000, 5100, 0, 18, 35, 48, 57, 59, 57, 48, 35, 18, 0
5200.000, 5200, 0, 18, 35, 48, 56, 59, 56, 48, 35, 18, 0
5300.000, 5300, 0, 18, 34, 47, 55, 58, 55, 47, 34, 18, 0
5400.000, 5400, 0, 18, 34, 46, 54, 57, 54, 46, 34, 18, 0
5500.000, 5500, 0, 17, 33, 45, 53, 56, 53, 45, 33, 17, 0
5600.000, 5600, 0, 17, 33, 45, 53, 55, 53, 45, 33, 17, 0
5700.000, 5700, 0, 17, 32, 44, 52, 54, 52, 44, 32, 17, 0
5800.000, 5800, 0, 17, 32, 43, 51, 54, 51, 43, 32, 17, 0
5900.000, 5900, 0, 16, 31, 43, 50, 53, 50, 43, 31, 16, 0
6000.000, 6000, 0, 16, 31, 42, 50, 52, 50, 42, 31, 16, 0
6100.000, 6100, 0, 16, 30, 42, 49, 51, 49, 42, 30, 16, 0
6200.000, 6200, 0, 16, 30, 41, 48, 51, 48, 41, 30, 16, 0
6300.000, 6300, 0, 15, 29, 40, 47, 50, 47, 40, 29, 15, 0
6400.000, 6400, 0, 15, 29, 40, 47, 49, 47, 40, 29, 15, 0
6500.000, 6500, 0, 15, 28, 39, 46, 48, 46, 39, 28, 15, 0
6600.000, 6600, 0, 15, 28, 39, 45, 48, 45, 39, 28, 15, 0
6700.000, 6700, 0, 15, 28, 38, 45, 47, 45, 38, 28, 15, 0
6800.000, 6800, 0, 14, 27, 38, 44, 46, 44, 38, 27, 14, 0
6900.000, 6900, 0, 14, 27, 37, 43, 46, 43, 37, 27, 14, 0
7000.000, 7000, 0, 14, 26, 36, 43, 45, 43, 36, 26, 14, 0
7100.000, 7100, 0, 14, 26, 36, 42, 44, 42, 36, 26, 14, 0
7200.000, 7200, 0, 14, 26, 35, 42, 44, 42, 35, 26, 14, 0
7300.000, 7300, 0, 13, 25, 35, 41, 43, 41, 35, 25, 13, 0
7400.000, 7400, 0, 13, 25, 34, 40, 42, 40, 34, 25, 13, 0
7500.000, 7500, 0, 13, 25, 34, 40, 42, 40, 34, 25, 13, 0
7600.000, 7600, 0, 13, 24, 33, 39, 41, 39, 33, 24, 13, 0
7700.000, 7700, 0, 13, 24, 33, 39, 41, 39, 33, 24, 13, 0
7800.000, 7800, 0, 12, 24, 32, 38, 40, 38, 32, 24, 12, 0
7900.000, 7900, 0, 12, 23, 32, 37, 39, 37, 32, 23, 12, 0
8000.000, 8000, 0, 12, 23, 31, 37, 39, 37, 31, 23, 12, 0
8100.000, 8100, 0, 12, 23, 31, 36, 38, 36, 31, 23, 12, 0
8200.000, 8200, 0, 12, 22, 31, 36, 38, 36, 31, 22, 12, 0
8300.000, 8300, 0, 11, 22, 30, 35, 37, 35, 30, 22, 11, 0
8400.000, 8400, 0, 11, 22, 30, 35, 37, 35, 30, 22, 11, 0
8500.000, 8500, 0, 11, 21, 29, 34, 36, 34, 29, 21, 11, 0
8600.000, 8600, 0, 11, 21, 29, 34, 36, 34, 29, 21, 11, 0
8700.000, 8700, 0, 11, 21, 28, 33, 35, 33, 28, 21, 11, 0
8800.000, 8800, 0, 11, 20, 28, 33, 35, 33, 28, 20, 11, 0
8900.000, 8900, 0, 11, 20, 28, 32, 34, 32, 28, 20, 11, 0
9000.000, 9000, 0, 10, 20, 27, 32, 34, 32, 27, 20, 10, 0
9100.000, 9100, 0, 10, 19, 27, 31, 33, 31, 27, 19, 10, 0
9200.000, 9200, 0, 10, 19, 26, 31, 33, 31, 26, 19, 10, 0
9300.000, 9300, 0, 10, 19, 26, 31, 32, 31, 26, 19, 10, 0
9400.000, 9400, 0, 10, 19, 26, 30, 32, 30, 26, 19, 10, 0
9500.000, 9500, 0, 10, 18, 25, 30, 31, 30, 25, 18, 10, 0
9600.000, 9600, 0, 9, 18, 25, 29, 31, 29, 25, 18, 9, 0
9700.000, 9700, 0, 9, 18, 24, 29, 30, 29, 24, 18, 9, 0
9800.000, 9800, 0, 9, 18, 24, 28, 30, 28, 24, 18, 9, 0
9900.000, 9900, 0, 9, 17, 24, 28, 29, 28, 24, 17, 9, 0
10000.000, 10000, 0, 9, 17, 23, 28, 29, 28, 23, 17, 9, 0
10100.000, 10100, 0, 9, 17, 23, 27, 29, 27, 23, 17, 9, 0
10200.000, 10200, 0, 9, 17, 23, 27, 28, 27, 23, 17, 9, 0
10300.000, 10300, 0, 9, 16, 22, 26, 28, 26, 22, 16, 9, 0
10400.000, 10400, 0, 8, 16, 22, 26, 27, 26, 22, 16, 8, 0
10500.000, 10500, 0, 8, 16, 22, 26, 27, 26, 22, 16, 8, 0
10600.000, 10600, 0, 8, 16, 21, 25, 26, 25, 21, 16, 8, 0
10700.000, 10700, 0, 8, 15, 21, 25, 26, 25, 21, 15, 8, 0
10800.000, 10800, 0, 8, 15, 21, 24, 26, 24, 21, 15, 8, 0
10900.000, 10900, 0, 8, 15, 21, 24, 25, 24, 21, 15, 8, 0
11000.000, 11000, 0, 8, 15, 20, 24, 25, 24, 20, 15, 8, 0
11100.000, 11100, 0, 8, 14, 20, 23, 25, 23, 20, 14, 8, 0
11200.000, 11200, 0, 7, 14, 20, 23, 24, 23, 20, 14, 7, 0
11300.000, 11300, 0, 7, 14, 19, 23, 24, 23, 19, 14, 7, 0
11400.000, 11400, 0, 7, 14, 19, 22, 24, 22, 19, 14, 7, 0
11500.000, 11500, 0, 7, 14, 19, 22, 23, 22, 19, 14, 7, 0
11600.000, 11600, 0, 7, 13, 18, 22, 23, 22, 18, 13, 7, 0
11700.000, 11700, 0, 7, 13, 18, 21, 23, 21, 18, 13, 7, 0
11800.000, 11800, 0, 7, 13, 18, 21, 22, 21, 18, 13, 7, 0
11900.000, 11900, 0, 7, 13, 18, 21, 22, 21, 18, 13, 7, 0
12000.000, 12000, 0, 7, 13, 17, 20, 22, 20, 17, 13, 7, 0
12100.000, 12100, 0, 7, 12, 17, 20, 21, 20, 17, 12, 7, 0
12200.000, 12200, 0, 6, 12, 17, 20, 21, 20, 17, 12, 6, 0
12300.000, 12300, 0, 6, 12, 17, 20, 21, 20, 17, 12, 6, 0
12400.000, 12400, 0, 6, 12, 16, 19, 20, 19, 16, 12, 6, 0
12500.000, 12500, 0, 6, 12, 16, 19, 20, 19, 16, 12, 6, 0
